.Random.seed <-
c(10403L, 10L, -1211345872L, -1859565869L, -988633871L, -1048928224L, 
-1616963906L, 125608649L, -2040522629L, 103446090L, -1295519060L, 
212583855L, -198130331L, -1656704228L, 1541707634L, -921555987L, 
-2023818201L, -786463666L, -563492696L, -1081809237L, 704926665L, 
295923672L, -1242061178L, -1048797343L, -825896205L, -357044894L, 
1511771092L, -1396068649L, 960189645L, -181177244L, 2139462218L, 
-729088075L, 1461756687L, -765747178L, 1034758848L, -1130460029L, 
-1467852639L, 683069072L, -1305350802L, -1317487847L, 1695530923L, 
686366106L, -2126100132L, 2129207391L, 424628277L, -677420084L, 
2418466L, 1201969533L, 788157047L, 625109918L, -1043883432L, 
-463055941L, 1338029401L, -1374662936L, 1492643606L, -1628036975L, 
-70755005L, 1181198418L, -1913578780L, 142032167L, -1690311299L, 
1870982260L, -1414105510L, -2034584923L, 1965922495L, 2136337222L, 
-925460016L, 1357016051L, -668511471L, 718136128L, 1458678558L, 
594342889L, 1795479835L, 405517098L, 303461452L, -1514603505L, 
-304679099L, 655384828L, -83505326L, 163086541L, 1848668295L, 
-369773714L, -1358723768L, 1559359819L, -1847950167L, -1870883336L, 
-1365451482L, -943161791L, 309786579L, -1758253694L, 2000585140L, 
-129569481L, 1309648941L, 1846187332L, 1426018922L, 1883290837L, 
-1289823633L, -1051177098L, -95367008L, 811813219L, 485124609L, 
1066604912L, -314570482L, 726375289L, 510661387L, -524772294L, 
-192251076L, -1814597505L, -757951531L, -1237565972L, -1617768638L, 
1629302941L, -1864963817L, 1740300414L, 681146424L, -1593077989L, 
1873665145L, 1710998728L, -145824522L, 1462859057L, 577430883L, 
944695090L, -1467469692L, 829574343L, 138174365L, 600746772L, 
1699690938L, -2009280507L, 2115028447L, -664430490L, 1732175856L, 
1555345683L, 1118891697L, -651490976L, 764600062L, 1175845513L, 
755783099L, 1244393354L, -1552460180L, 210151407L, -305668059L, 
-871927588L, 2062276274L, -1766860371L, -1243746969L, -678159730L, 
645628776L, 69344107L, 1436976393L, 825244568L, 1614461638L, 
-1599954911L, 1699079347L, 1977521698L, -952637420L, 1826507927L, 
940418701L, 263423908L, 472660362L, 2110080501L, 1048393807L, 
470871894L, 848676352L, -664889533L, -1643720991L, 1140395088L, 
-482306898L, -824422311L, -413020053L, -1253628454L, -1182904676L, 
-663641953L, 1019624181L, -2076506228L, 1466238562L, -1266935235L, 
-350354249L, -345031842L, 561798808L, 1302879739L, -428916839L, 
1529231400L, -1545576234L, 880321873L, -1239886845L, -622437486L, 
23460132L, 203505639L, 883106877L, -574278988L, -950746854L, 
-839257499L, 1956058879L, 811928454L, 539249936L, -1735744077L, 
1414927953L, 28169728L, 1005023966L, -1980636887L, -2132046629L, 
-1363444758L, -2101294196L, 401509583L, -366726011L, -2090696900L, 
100367890L, -1951965939L, 336504391L, 1398463534L, -355729016L, 
-758867829L, 839791209L, -126898632L, -904861978L, 1860485761L, 
789769747L, 851564994L, -564718988L, -271633289L, 1457872237L, 
1883750916L, 384835882L, 1444976277L, -1323909841L, -183285706L, 
-507224992L, -627305821L, 538576321L, -694530244L, 1686024848L, 
-1502558430L, 551335432L, -153955572L, -1837675620L, -442162158L, 
-95849600L, -1774163180L, -1463876312L, -438161350L, 1972065232L, 
1332677228L, 2013252660L, -1471776622L, 839074144L, -600244916L, 
371518944L, 775754658L, -1037902936L, -598569844L, 2115699644L, 
-1769927566L, 1062004720L, 1676956740L, 1514932312L, 1834360890L, 
1941303408L, 232752700L, 261261076L, 490592962L, 1506140896L, 
49851516L, 1938181328L, -638608478L, -1687081432L, -307115764L, 
2007504828L, 1895053618L, -1757929280L, -189935052L, -1743377720L, 
1364265658L, 736171152L, 266737388L, -1449312684L, 646211218L, 
-689035488L, -1030285364L, 1898643680L, 197779138L, 377877544L, 
1989401516L, 1985690300L, -310187534L, -2032159184L, -1209526364L, 
-1987817032L, -215956646L, -1434135408L, -2108822660L, 1563412244L, 
367111490L, -31502592L, -1806085188L, -13480112L, -1487738590L, 
-1238834616L, 1439133708L, -1921313700L, 2046243282L, -1177575936L, 
1700987220L, 1772663016L, -874536710L, -1196022064L, -2003021524L, 
-314679052L, 1002999186L, 1252833632L, -1144834036L, -524205344L, 
-1197036958L, 1021895336L, -2103358900L, 2074898300L, 208557362L, 
853231216L, 828429124L, 400607192L, 265930618L, -55069136L, 946677692L, 
-1101908396L, -62336958L, 684167328L, -1298123076L, -472364592L, 
1051468642L, -335650072L, -597827380L, -1311366660L, 1682600434L, 
1131465344L, -1977917964L, 1428420232L, -1290961094L, 1131631440L, 
-1515623316L, -1272151660L, -1606273966L, -318447136L, 1762966732L, 
242754720L, 1408259458L, -1676195608L, -1651263764L, -1397107396L, 
273697906L, -1108973456L, -408731612L, -1554273224L, 1659047706L, 
-2034807600L, 436576060L, 251021204L, 1339437954L, 744368576L, 
1834630716L, -1910389360L, 1444650530L, 1924146440L, 913542796L, 
-873955556L, 475439250L, -1974388352L, -170007020L, -678199512L, 
-1171654086L, 236109264L, 1228876140L, 499794868L, -1031784430L, 
1643345376L, 1826105292L, -467566368L, 2145384482L, -1007165144L, 
668327436L, 1580328764L, 2121868274L, -1042482448L, -35942844L, 
-1558642088L, 1787326266L, -1129519632L, 1635522236L, -1105430252L, 
341295810L, -1465346976L, 1849844604L, 1891956688L, -1451761374L, 
-1910334808L, -278029428L, 1328494780L, -998224078L, 1012042304L, 
-128951116L, 461472328L, 918152634L, 1530421776L, 1374991084L, 
1880252756L, -465444590L, 1719586208L, 127009484L, -146481568L, 
-504154174L, -829110488L, -1795182676L, -66305220L, -776853134L, 
869423920L, 661179684L, -853595336L, 985071322L, 977831824L, 
-1868837124L, 1886727060L, 1410924610L, -155093760L, 303105084L, 
1930215760L, 87396514L, -651886264L, 1531598604L, 1268622044L, 
-1011749550L, 1349436544L, -146309036L, -957378584L, -1950021382L, 
1468279632L, 728153900L, 181274996L, 933866386L, -1675851680L, 
-1449792116L, 1741560672L, 1067391458L, 1231549352L, -2012580660L, 
-1389273092L, 1124312498L, -1650928144L, -1129395260L, 2098644312L, 
1312741754L, -1193573456L, 1124297148L, -1203857324L, -202704958L, 
316207136L, -743597892L, 1092186704L, 794063842L, 2087034596L, 
1785931282L, 982839783L, 663588273L, 403987446L, -212527596L, 
1482774821L, -703118801L, 250247144L, -1768283962L, 1886451059L, 
280239573L, -825556558L, 892182400L, 892330857L, 1848092635L, 
181341996L, 514801978L, -1420828689L, -1059493255L, 1480342798L, 
67458268L, 1670540109L, 728638135L, -740331456L, 1319424286L, 
-1634067477L, 1983145837L, -1067954726L, 1962123160L, -675369471L, 
439885747L, -832303404L, 763107298L, 1621736055L, -165477439L, 
1370874182L, 1354977412L, -1555999179L, -1988452833L, 1940277624L, 
-985282474L, -384449309L, 550875813L, -1658818750L, -673272528L, 
-495858343L, -271769909L, 512685884L, 1899241322L, -539939425L, 
443794473L, -32631106L, 1606260652L, 1159216381L, -1041749945L, 
1475106608L, -832597938L, 1608629371L, -2001915939L, 602635786L, 
1009287976L, -1720865391L, -702459005L, 820222084L, -1959971150L, 
773671431L, -826156463L, -1367608874L, -323674956L, -1314428731L, 
-401245681L, -242756984L, 603801510L, 157609811L, -366661451L, 
1069936146L, -1448621088L, -2062401975L, 1525980283L, 391683404L, 
-733894438L, 1626642639L, 1281631385L, 1465239726L, 1561507260L, 
-942272979L, 1841121751L, -1958387680L, 1612236158L, -1162609845L, 
-1514749619L, -237068422L, -753241672L, 1395979105L, 840778515L, 
436607796L, -1477396158L, -1103717033L, -1738786655L, 1957974374L, 
-295664796L, -212129131L, 67267519L, 2032779096L, 1282708854L, 
889796483L, 2098580933L, 1886278370L, -1360258224L, 2006017657L, 
-561296981L, -1912824036L, 1227171914L, -1494361025L, -967033719L, 
1395464350L, -1213516468L, -894724835L, -769888089L, 1240743888L, 
-1489881234L, -81691109L, -1230813315L, -1822487190L, 786850824L, 
-1266029391L, 1291717411L, -793315292L, -706512174L, -1829195993L, 
1606005105L, -824952906L, -1384551596L, -1859979803L, -284897297L, 
354266920L, -1558751354L, 263332787L, 1504281365L, -1848517262L, 
644751808L, 631124521L, 2070328987L, -578461844L, -729938054L, 
